CpG context
===========
position	count methylated	count unmethylated	% methylation	coverage
1	18604	20727	47.30	39331
2	16200	18380	46.85	34580
3	15857	17375	47.72	33232
4	15685	17264	47.60	32949
5	14720	17254	46.04	31974
6	14331	16866	45.94	31197
7	14025	16148	46.48	30173
8	13758	15738	46.64	29496
9	13865	15642	46.99	29507
10	13612	15357	46.99	28969
11	13837	15558	47.07	29395
12	13843	15753	46.77	29596
13	13797	15910	46.44	29707
14	14068	15754	47.17	29822
15	14232	15771	47.44	30003
16	13965	15970	46.65	29935
17	14083	15862	47.03	29945
18	14414	15923	47.51	30337
19	14515	16108	47.40	30623
20	14291	16033	47.13	30324
21	14266	16229	46.78	30495
22	14255	16322	46.62	30577
23	14366	16245	46.93	30611
24	14323	16148	47.01	30471
25	14563	16014	47.63	30577
26	14721	16318	47.43	31039
27	14738	16210	47.62	30948
28	14480	16421	46.86	30901
29	14762	16373	47.41	31135
30	14767	16103	47.84	30870
31	14376	15948	47.41	30324
32	14329	16263	46.84	30592
33	14356	16076	47.17	30432
34	14385	16194	47.04	30579
35	14377	16028	47.28	30405
36	14459	16378	46.89	30837
37	14469	16207	47.17	30676
38	14587	16444	47.01	31031
39	14698	16475	47.15	31173
40	14360	16109	47.13	30469
41	14314	16086	47.09	30400
42	14577	16270	47.26	30847
43	14490	15929	47.63	30419
44	14362	16123	47.11	30485
45	14474	15867	47.70	30341
46	14459	16173	47.20	30632
47	14743	16331	47.44	31074
48	14557	16173	47.37	30730
49	14372	16020	47.29	30392
50	14274	16193	46.85	30467
51	14377	16000	47.33	30377
52	14395	16000	47.36	30395
53	14423	16117	47.23	30540
54	14253	15727	47.54	29980
55	14165	15862	47.17	30027
56	14287	15982	47.20	30269
57	14578	16080	47.55	30658
58	14507	16060	47.46	30567
59	14395	15934	47.46	30329
60	14419	16147	47.17	30566
61	14309	15874	47.41	30183
62	14278	15870	47.36	30148
63	14259	15725	47.56	29984
64	14207	15882	47.22	30089
65	14099	15656	47.38	29755
66	14210	15804	47.34	30014
67	14267	16092	46.99	30359
68	14168	15876	47.16	30044
69	14150	16014	46.91	30164
70	14321	15935	47.33	30256
71	14347	15824	47.55	30171
72	14221	15630	47.64	29851
73	14262	15640	47.70	29902
74	14142	15706	47.38	29848
75	14145	15439	47.81	29584
76	14003	15676	47.18	29679
77	14182	15670	47.51	29852
78	14274	15736	47.56	30010
79	14393	15800	47.67	30193
80	14369	16009	47.30	30378
81	14163	15504	47.74	29667
82	14317	15531	47.97	29848
83	14027	15595	47.35	29622
84	14231	15572	47.75	29803
85	14213	15744	47.44	29957
86	14014	15462	47.54	29476
87	14027	15697	47.19	29724
88	13939	15502	47.35	29441
89	13960	15460	47.45	29420
90	13965	15440	47.49	29405
91	14004	15537	47.41	29541
92	14170	15728	47.39	29898
93	14001	15522	47.42	29523
94	13975	15333	47.68	29308
95	14058	15345	47.81	29403
96	13820	15584	47.00	29404
97	14033	15090	48.19	29123
98	13850	15327	47.47	29177
99	13793	15288	47.43	29081
100	13500	15191	47.05	28691
101	13750	15235	47.44	28985
102	13863	15493	47.22	29356
103	13851	15492	47.20	29343
104	13730	15153	47.54	28883
105	13656	15342	47.09	28998
106	13607	15121	47.36	28728
107	13550	15009	47.45	28559
108	13506	14817	47.69	28323
109	13498	15333	46.82	28831
110	13348	15013	47.06	28361
111	13755	15285	47.37	29040
112	13493	15014	47.33	28507
113	13578	14937	47.62	28515
114	13252	14756	47.32	28008
115	13283	14459	47.88	27742
116	13001	14741	46.86	27742
117	13370	14751	47.54	28121
118	13243	14792	47.24	28035
119	13270	14796	47.28	28066
120	13015	14573	47.18	27588
121	13267	14417	47.92	27684
122	13034	14543	47.26	27577
123	12977	14405	47.39	27382
124	12832	14274	47.34	27106
125	12829	14046	47.74	26875
126	12663	14244	47.06	26907
127	12829	14080	47.68	26909
128	12765	14016	47.66	26781
129	12799	13922	47.90	26721
130	12498	13742	47.63	26240
131	12428	13985	47.05	26413
132	12414	14012	46.98	26426
133	12441	13746	47.51	26187
134	12349	13457	47.85	25806
135	12058	13731	46.76	25789
136	12162	13582	47.24	25744
137	11985	13368	47.27	25353
138	12097	13516	47.23	25613
139	12088	13240	47.73	25328
140	11890	12938	47.89	24828

CHG context
===========
position	count methylated	count unmethylated	% methylation	coverage
1	20504	123659	14.22	144163
2	15264	146791	9.42	162055
3	6953	144750	4.58	151703
4	4736	144714	3.17	149450
5	3513	149529	2.30	153042
6	2519	148059	1.67	150578
7	2061	146203	1.39	148264
8	1853	141924	1.29	143777
9	1562	142229	1.09	143791
10	1439	142908	1.00	144347
11	1257	144087	0.86	145344
12	1321	143128	0.91	144449
13	1258	143822	0.87	145080
14	1237	143641	0.85	144878
15	1231	143975	0.85	145206
16	1261	144731	0.86	145992
17	1244	144542	0.85	145786
18	1233	144793	0.84	146026
19	1267	145855	0.86	147122
20	1217	145202	0.83	146419
21	1200	145238	0.82	146438
22	1187	145963	0.81	147150
23	1205	146767	0.81	147972
24	1257	147227	0.85	148484
25	1240	148702	0.83	149942
26	1219	147474	0.82	148693
27	1263	147356	0.85	148619
28	1283	147589	0.86	148872
29	1331	147786	0.89	149117
30	1196	146868	0.81	148064
31	1236	147583	0.83	148819
32	1262	147847	0.85	149109
33	1227	148600	0.82	149827
34	1192	147657	0.80	148849
35	1246	147746	0.84	148992
36	1250	148049	0.84	149299
37	1303	149194	0.87	150497
38	1226	148505	0.82	149731
39	1321	148284	0.88	149605
40	1269	148438	0.85	149707
41	1269	147210	0.85	148479
42	1287	147850	0.86	149137
43	1239	148038	0.83	149277
44	1213	147617	0.82	148830
45	1292	147243	0.87	148535
46	1210	148432	0.81	149642
47	1240	148419	0.83	149659
48	1260	147889	0.84	149149
49	1218	147972	0.82	149190
50	1254	147608	0.84	148862
51	1213	146951	0.82	148164
52	1184	146809	0.80	147993
53	1264	147150	0.85	148414
54	1228	147352	0.83	148580
55	1223	147667	0.82	148890
56	1280	147404	0.86	148684
57	1254	147922	0.84	149176
58	1207	147934	0.81	149141
59	1218	147057	0.82	148275
60	1214	146745	0.82	147959
61	1264	146252	0.86	147516
62	1197	146456	0.81	147653
63	1222	146192	0.83	147414
64	1167	145925	0.79	147092
65	1245	145750	0.85	146995
66	1189	145784	0.81	146973
67	1245	146294	0.84	147539
68	1263	145958	0.86	147221
69	1236	145960	0.84	147196
70	1278	146474	0.86	147752
71	1192	145627	0.81	146819
72	1189	146102	0.81	147291
73	1171	145125	0.80	146296
74	1271	145109	0.87	146380
75	1212	145016	0.83	146228
76	1190	145592	0.81	146782
77	1218	145634	0.83	146852
78	1258	145845	0.86	147103
79	1226	146042	0.83	147268
80	1118	145050	0.76	146168
81	1229	144873	0.84	146102
82	1174	145286	0.80	146460
83	1211	145505	0.83	146716
84	1208	145206	0.83	146414
85	1216	144595	0.83	145811
86	1231	144986	0.84	146217
87	1189	145130	0.81	146319
88	1214	144562	0.83	145776
89	1289	143484	0.89	144773
90	1171	144086	0.81	145257
91	1166	143850	0.80	145016
92	1233	143884	0.85	145117
93	1233	143598	0.85	144831
94	1154	143541	0.80	144695
95	1168	142766	0.81	143934
96	1218	142621	0.85	143839
97	1158	142156	0.81	143314
98	1273	141900	0.89	143173
99	1133	142414	0.79	143547
100	1158	143249	0.80	144407
101	1193	141692	0.83	142885
102	1204	141985	0.84	143189
103	1178	140698	0.83	141876
104	1203	141134	0.85	142337
105	1141	140189	0.81	141330
106	1083	139840	0.77	140923
107	1229	140393	0.87	141622
108	1128	140236	0.80	141364
109	1132	140368	0.80	141500
110	1161	140369	0.82	141530
111	1193	140125	0.84	141318
112	1168	140131	0.83	141299
113	1170	138334	0.84	139504
114	1191	137703	0.86	138894
115	1108	137167	0.80	138275
116	1175	136481	0.85	137656
117	1134	136641	0.82	137775
118	1142	135756	0.83	136898
119	1170	135842	0.85	137012
120	1208	134813	0.89	136021
121	1169	134955	0.86	136124
122	1123	134088	0.83	135211
123	1106	133044	0.82	134150
124	1111	132895	0.83	134006
125	1054	132430	0.79	133484
126	1157	131908	0.87	133065
127	1146	131817	0.86	132963
128	1099	131003	0.83	132102
129	1067	129694	0.82	130761
130	1139	128872	0.88	130011
131	1145	129009	0.88	130154
132	1046	127957	0.81	129003
133	1095	126874	0.86	127969
134	1125	126021	0.88	127146
135	1187	124575	0.94	125762
136	1326	124533	1.05	125859
137	1503	123815	1.20	125318
138	1878	121569	1.52	123447
139	3028	121149	2.44	124177
140	2893	116401	2.43	119294

CHH context
===========
position	count methylated	count unmethylated	% methylation	coverage
1	65304	421552	13.41	486856
2	50312	420288	10.69	470600
3	40468	452107	8.22	492575
4	29576	480323	5.80	509899
5	20307	498309	3.92	518616
6	14965	519130	2.80	534095
7	11491	528307	2.13	539798
8	9346	525697	1.75	535043
9	7769	529912	1.44	537681
10	6712	528801	1.25	535513
11	5866	530513	1.09	536379
12	5225	527220	0.98	532445
13	5176	532879	0.96	538055
14	4938	527129	0.93	532067
15	4758	527974	0.89	532732
16	4624	525161	0.87	529785
17	4687	525001	0.88	529688
18	4560	524490	0.86	529050
19	4595	526224	0.87	530819
20	4552	522391	0.86	526943
21	4507	524632	0.85	529139
22	4489	524101	0.85	528590
23	4530	523776	0.86	528306
24	4329	524637	0.82	528966
25	4453	523484	0.84	527937
26	4534	523368	0.86	527902
27	4486	520555	0.85	525041
28	4693	520943	0.89	525636
29	4600	520494	0.88	525094
30	4540	521985	0.86	526525
31	4479	522947	0.85	527426
32	4427	525006	0.84	529433
33	4499	523763	0.85	528262
34	4451	523673	0.84	528124
35	4513	524455	0.85	528968
36	4521	522453	0.86	526974
37	4633	522586	0.88	527219
38	4531	520964	0.86	525495
39	4496	521634	0.85	526130
40	4367	522191	0.83	526558
41	4407	522395	0.84	526802
42	4432	523556	0.84	527988
43	4303	523522	0.82	527825
44	4275	523366	0.81	527641
45	4248	522406	0.81	526654
46	4278	520599	0.82	524877
47	4281	519209	0.82	523490
48	4135	516948	0.79	521083
49	4238	518117	0.81	522355
50	4096	514902	0.79	518998
51	4157	517491	0.80	521648
52	4160	518247	0.80	522407
53	4224	518526	0.81	522750
54	4220	518555	0.81	522775
55	4123	517926	0.79	522049
56	4235	516674	0.81	520909
57	4258	516638	0.82	520896
58	4120	517692	0.79	521812
59	4201	515495	0.81	519696
60	4201	516512	0.81	520713
61	4155	516288	0.80	520443
62	4103	518162	0.79	522265
63	4039	518148	0.77	522187
64	4142	519638	0.79	523780
65	4192	518618	0.80	522810
66	4019	518147	0.77	522166
67	3993	516392	0.77	520385
68	3983	515782	0.77	519765
69	4036	515277	0.78	519313
70	4269	512887	0.83	517156
71	3784	512267	0.73	516051
72	3943	510657	0.77	514600
73	3983	511506	0.77	515489
74	3859	512147	0.75	516006
75	3834	510463	0.75	514297
76	3879	512153	0.75	516032
77	3985	509952	0.78	513937
78	4155	509933	0.81	514088
79	3959	509700	0.77	513659
80	3877	507685	0.76	511562
81	3913	508203	0.76	512116
82	3880	508892	0.76	512772
83	3795	508284	0.74	512079
84	3894	506856	0.76	510750
85	3806	506667	0.75	510473
86	3884	505411	0.76	509295
87	3841	505356	0.75	509197
88	3832	505918	0.75	509750
89	4007	506335	0.79	510342
90	3837	506673	0.75	510510
91	3910	505307	0.77	509217
92	3906	504001	0.77	507907
93	3865	503884	0.76	507749
94	3781	504535	0.74	508316
95	3900	504680	0.77	508580
96	3852	503164	0.76	507016
97	3753	501738	0.74	505491
98	3776	498406	0.75	502182
99	3866	496898	0.77	500764
100	3703	497304	0.74	501007
101	3912	495368	0.78	499280
102	3917	495225	0.78	499142
103	3932	495033	0.79	498965
104	3871	495040	0.78	498911
105	3711	494536	0.74	498247
106	3646	494443	0.73	498089
107	3952	490655	0.80	494607
108	3690	490496	0.75	494186
109	3707	488929	0.75	492636
110	3759	486365	0.77	490124
111	3541	485400	0.72	488941
112	3663	485282	0.75	488945
113	3662	482984	0.75	486646
114	3604	481719	0.74	485323
115	3732	480649	0.77	484381
116	3521	478918	0.73	482439
117	3704	476034	0.77	479738
118	3531	475128	0.74	478659
119	3486	473765	0.73	477251
120	3755	472877	0.79	476632
121	3491	470653	0.74	474144
122	3639	469294	0.77	472933
123	3421	469209	0.72	472630
124	3530	467752	0.75	471282
125	3486	465358	0.74	468844
126	3398	463353	0.73	466751
127	3594	458501	0.78	462095
128	3383	456026	0.74	459409
129	3266	453806	0.71	457072
130	3553	451173	0.78	454726
131	3675	450137	0.81	453812
132	3536	447207	0.78	450743
133	3826	443132	0.86	446958
134	4036	439246	0.91	443282
135	4286	435208	0.98	439494
136	5121	433696	1.17	438817
137	6431	430529	1.47	436960
138	8162	427224	1.87	435386
139	9051	421207	2.10	430258
140	8907	408991	2.13	417898

